                   [38;2;23;23;27m▄[38;2;110;54;21m▄[38;2;23;23;27m[48;2;208;90;15m▀[38;2;73;41;23m[48;2;255;107;13m▀[38;2;23;23;27m[48;2;208;90;15m▀[0m[38;2;110;54;21m▄[38;2;23;23;27m▄[0m                   [0m
               [38;2;23;23;27m▄▄[48;2;190;79;16m▀[38;2;110;53;21m[48;2;255;102;12m▀[38;2;217;91;15m▀[38;2;255;104;13m▀▀▀▀▀[38;2;217;91;15m▀[38;2;110;53;21m▀[38;2;23;23;27m[48;2;190;79;16m▀[0m[38;2;23;23;27m▄▄[0m               [0m
           [38;2;23;23;27m▄[38;2;110;110;112m▄[38;2;23;23;27m[48;2;217;217;218m▀[38;2;110;110;112m[48;2;255;255;255m▀[38;2;106;106;109m▀[38;2;23;23;27m[48;2;217;217;218m▀[38;2;87;44;22m[48;2;106;106;109m▀[38;2;217;87;14m[48;2;23;23;27m▀[38;2;255;99;12m[48;2;105;49;21m▀[48;2;215;85;14m▀[48;2;251;96;12m▀▀▀[48;2;215;85;14m▀[48;2;105;49;21m▀[38;2;217;87;14m[48;2;23;23;27m▀[38;2;87;44;22m[48;2;106;106;109m▀[38;2;23;23;27m[48;2;217;217;218m▀[38;2;106;106;109m[48;2;255;255;255m▀[38;2;110;110;112m▀[38;2;23;23;27m[48;2;217;217;218m▀[0m[38;2;110;110;112m▄[38;2;23;23;27m▄[0m           [0m
       [38;2;22;22;27m▄▄[38;2;23;23;27m[48;2;67;67;70m▀[38;2;108;108;110m[48;2;245;245;245m▀[38;2;214;214;215m▀[38;2;252;252;252m▀▀▀▀▀▀[38;2;214;214;215m▀[38;2;104;104;107m▀[38;2;23;23;27m[48;2;67;67;70m▀[38;2;103;48;21m[48;2;22;22;27m▀[38;2;183;74;15m▀[38;2;103;48;21m▀[38;2;23;23;27m[48;2;67;67;70m▀[38;2;104;104;107m[48;2;245;245;245m▀[38;2;214;214;215m▀[38;2;252;252;252m▀▀▀▀▀▀[38;2;214;214;215m▀[38;2;108;108;110m▀[38;2;23;23;27m[48;2;67;67;70m▀[0m[38;2;22;22;27m▄▄[0m       [0m
   [38;2;22;22;26m▄[38;2;109;96;24m▄[38;2;22;22;26m[48;2;217;190;21m▀[38;2;109;99;24m[48;2;255;223;21m▀[38;2;189;170;23m▀[38;2;105;96;24m▀[38;2;22;22;26m[48;2;217;190;21m▀[38;2;100;100;103m[48;2;105;93;24m▀[38;2;204;204;204m[48;2;22;22;26m▀[38;2;238;238;238m[48;2;98;98;100m▀[48;2;198;198;199m▀[48;2;232;232;232m▀▀[48;2;198;198;199m▀[48;2;98;98;100m▀[38;2;204;204;204m[48;2;22;22;26m▀[38;2;100;100;103m[48;2;104;104;107m▀[38;2;22;22;26m[48;2;216;216;216m▀[38;2;105;105;108m[48;2;253;253;253m▀[38;2;189;189;191m▀[38;2;105;105;108m▀[38;2;22;22;26m[48;2;216;216;216m▀[38;2;100;100;103m[48;2;104;104;107m▀[38;2;204;204;204m[48;2;22;22;26m▀[38;2;238;238;238m[48;2;98;98;100m▀[48;2;198;198;199m▀[48;2;232;232;232m▀▀[48;2;198;198;199m▀[48;2;98;98;100m▀[38;2;204;204;204m[48;2;22;22;26m▀[38;2;100;100;103m[48;2;14;76;53m▀[38;2;22;22;26m[48;2;3;151;91m▀[38;2;14;78;55m[48;2;0;176;103m▀[38;2;6;135;83m▀[38;2;13;80;56m▀[38;2;22;22;26m[48;2;3;151;91m▀[0m[38;2;13;79;54m▄[38;2;22;22;26m▄[0m   [0m
[38;2;20;20;24m▄[38;2;22;22;26m[48;2;21;21;25m▀[38;2;89;78;24m[48;2;189;158;21m▀[38;2;217;185;21m[48;2;254;212;20m▀[38;2;255;217;20m▀▀▀▀▀▀▀[38;2;217;185;21m▀[38;2;87;76;24m[48;2;189;158;21m▀[38;2;22;22;26m[48;2;22;22;26m▀[38;2;95;95;98m▀▀[38;2;22;22;26m▀[38;2;84;84;87m[48;2;179;179;181m▀[38;2;211;211;211m[48;2;241;241;241m▀[38;2;247;247;247m▀▀▀▀▀▀▀[38;2;211;211;211m▀[38;2;84;84;87m[48;2;179;179;181m▀[38;2;22;22;26m[48;2;22;22;26m▀[38;2;95;95;98m▀▀[38;2;22;22;26m▀[38;2;15;63;46m[48;2;6;126;78m▀[38;2;3;146;89m[48;2;0;166;98m▀[38;2;0;171;101m▀▀▀▀▀▀▀[38;2;3;146;89m▀[38;2;15;65;47m[48;2;6;126;78m▀[38;2;22;22;26m[48;2;21;21;25m▀[0m[38;2;18;18;21m▄[0m
[38;2;25;19;23m[48;2;85;22;33m▀[38;2;72;22;31m[48;2;183;27;51m▀[38;2;20;20;24m[48;2;155;25;46m▀[38;2;103;88;23m[48;2;77;22;32m▀[38;2;212;176;20m[48;2;20;20;24m▀[38;2;248;206;19m[48;2;101;86;23m▀[48;2;197;165;20m▀[48;2;241;200;19m▀[48;2;197;165;20m▀[48;2;101;86;23m▀[38;2;212;176;20m[48;2;22;22;26m▀[38;2;104;88;23m[48;2;103;103;105m▀[38;2;22;22;26m[48;2;212;212;213m▀[38;2;105;105;108m[48;2;249;249;249m▀[38;2;208;208;209m▀▀[38;2;105;105;108m▀[38;2;22;22;26m[48;2;212;212;213m▀[38;2;99;99;101m[48;2;103;103;105m▀[38;2;200;200;201m[48;2;22;22;26m▀[38;2;234;234;234m[48;2;96;96;99m▀[48;2;187;187;188m▀[48;2;228;228;228m▀[48;2;187;187;188m▀[48;2;96;96;99m▀[38;2;200;200;201m[48;2;22;22;26m▀[38;2;99;99;101m[48;2;88;25;37m▀[38;2;22;22;26m[48;2;177;29;53m▀[38;2;90;25;37m[48;2;208;31;58m▀[38;2;174;30;52m▀▀[38;2;90;25;37m▀[38;2;22;22;26m[48;2;177;29;53m▀[38;2;14;72;51m[48;2;88;25;37m▀[38;2;3;139;84m[48;2;22;22;26m▀[38;2;0;162;95m[48;2;14;71;50m▀[48;2;4;130;79m▀[48;2;0;157;93m▀[48;2;4;130;79m▀[48;2;13;70;50m▀[38;2;3;139;84m[48;2;18;18;21m▀[38;2;13;72;51m[48;2;11;31;59m▀[38;2;18;18;21m[48;2;6;52;114m▀[38;2;11;29;54m[48;2;5;58;129m▀[38;2;13;15;20m[48;2;10;31;60m▀[0m
[38;2;83;22;33m[48;2;82;22;33m▀[38;2;180;27;50m[48;2;177;26;49m▀[38;2;178;27;50m[48;2;175;26;49m▀[38;2;177;26;49m[48;2;174;26;48m▀[38;2;150;25;44m[48;2;172;26;48m▀[38;2;74;21;31m[48;2;171;25;47m▀[38;2;20;20;24m[48;2;139;24;42m▀[38;2;64;56;24m[48;2;19;19;22m▀[38;2;22;22;26m[48;2;20;20;24m▀[38;2;48;48;51m[48;2;47;47;51m▀[38;2;207;207;207m[48;2;202;202;203m▀[38;2;243;243;243m[48;2;236;236;236m▀▀▀▀▀▀▀▀[38;2;207;207;207m[48;2;202;202;203m▀[38;2;48;48;51m[48;2;47;47;51m▀[38;2;22;22;26m[48;2;22;22;26m▀[38;2;62;62;65m[48;2;19;37;64m▀[38;2;22;22;26m[48;2;22;22;26m▀[38;2;43;22;29m[48;2;43;22;29m▀[38;2;173;28;51m[48;2;169;28;50m▀[38;2;202;30;56m[48;2;197;29;55m▀▀▀▀▀▀▀▀[38;2;173;28;51m[48;2;169;28;50m▀[38;2;43;22;29m[48;2;42;22;29m▀[38;2;22;22;26m[48;2;18;18;21m▀[38;2;17;48;38m[48;2;14;14;16m▀[38;2;18;18;21m[48;2;6;53;115m▀[38;2;11;32;61m[48;2;5;61;137m▀[38;2;6;53;117m[48;2;5;60;134m▀[38;2;5;60;133m[48;2;5;59;131m▀[38;2;5;58;130m[48;2;5;57;128m▀[38;2;5;57;127m[48;2;5;56;125m▀[38;2;10;30;59m[48;2;10;30;59m▀[0m
[38;2;81;21;32m[48;2;80;21;32m▀[38;2;174;26;48m[48;2;171;25;48m▀[38;2;172;26;48m[48;2;170;25;47m▀[38;2;171;25;48m[48;2;168;25;47m▀[38;2;169;25;47m[48;2;167;25;46m▀[38;2;168;25;47m[48;2;165;25;46m▀[38;2;161;24;45m[48;2;164;24;45m▀[38;2;19;19;22m[48;2;19;19;22m▀[38;2;121;102;20m[48;2;230;191;18m▀[38;2;95;81;20m[48;2;228;189;18m▀[38;2;20;20;24m[48;2;193;161;18m▀[38;2;97;97;100m[48;2;92;79;20m▀[38;2;197;197;197m[48;2;20;20;24m▀[38;2;230;230;230m[48;2;95;95;97m▀[48;2;183;183;184m▀▀[48;2;95;95;97m▀[38;2;197;197;197m[48;2;22;22;26m▀[38;2;97;97;100m[48;2;16;47;91m▀[38;2;22;22;26m[48;2;10;82;179m▀[38;2;16;48;93m[48;2;8;93;209m▀[38;2;10;81;176m▀[38;2;8;96;215m▀[38;2;10;81;176m▀[38;2;16;48;93m▀[38;2;22;22;26m[48;2;10;82;179m▀[38;2;83;24;36m[48;2;16;47;91m▀[38;2;165;27;49m[48;2;22;22;26m▀[38;2;192;28;53m[48;2;81;24;35m▀[48;2;153;26;47m▀▀[48;2;81;23;35m▀[38;2;165;27;49m[48;2;18;18;21m▀[38;2;83;24;35m[48;2;9;48;33m▀[38;2;18;18;21m[48;2;2;92;55m▀[38;2;9;47;33m[48;2;0;104;61m▀[38;2;7;57;37m[48;2;0;102;60m▀[38;2;14;14;16m[48;2;14;14;16m▀[38;2;5;60;133m[48;2;5;61;135m▀[38;2;5;60;135m[48;2;5;59;132m▀[38;2;5;59;132m[48;2;5;58;129m▀[38;2;5;58;129m[48;2;5;57;127m▀[38;2;5;56;126m[48;2;5;55;124m▀[38;2;5;55;123m[48;2;5;54;121m▀[38;2;10;30;58m[48;2;10;29;57m▀[0m
[38;2;78;21;32m[48;2;35;18;25m▀[38;2;168;25;47m[48;2;130;23;40m▀[38;2;167;25;46m[48;2;164;24;45m▀[38;2;165;25;46m[48;2;162;24;45m▀[38;2;164;24;45m[48;2;161;24;45m▀[38;2;162;24;45m[48;2;159;24;44m▀[38;2;161;24;45m[48;2;158;23;44m▀[38;2;18;18;22m[48;2;18;18;22m▀[38;2;226;188;18m[48;2;222;185;17m▀[38;2;224;186;18m[48;2;220;183;17m▀[38;2;222;185;17m[48;2;218;181;17m▀[38;2;220;183;17m[48;2;217;180;17m▀[38;2;186;155;17m[48;2;215;178;17m▀[38;2;90;76;20m[48;2;213;177;17m▀[38;2;20;20;24m[48;2;87;74;20m▀[38;2;21;21;25m[48;2;18;18;22m▀[38;2;22;22;26m[48;2;20;20;24m▀[38;2;11;72;154m[48;2;17;40;74m▀[38;2;8;91;204m[48;2;10;78;171m▀[48;2;8;89;198m▀▀▀▀▀▀▀[48;2;10;78;171m▀[38;2;11;72;154m[48;2;17;40;74m▀[38;2;22;22;26m[48;2;18;18;21m▀[38;2;21;21;25m[48;2;14;14;16m▀[38;2;18;18;21m[48;2;8;49;34m▀[38;2;9;49;34m[48;2;0;110;65m▀[38;2;2;94;57m[48;2;0;108;63m▀[38;2;0;107;63m[48;2;0;106;62m▀[38;2;0;105;62m[48;2;0;103;61m▀[38;2;0;103;60m[48;2;0;101;59m▀[38;2;0;100;59m[48;2;0;98;58m▀[38;2;14;14;16m[48;2;14;14;16m▀[38;2;5;60;133m[48;2;5;59;131m▀[38;2;5;58;130m[48;2;5;57;128m▀[38;2;5;57;127m[48;2;5;56;125m▀[38;2;5;56;124m[48;2;5;55;122m▀[38;2;5;54;121m[48;2;5;53;119m▀[38;2;5;53;118m[48;2;7;43;92m▀[38;2;10;29;56m[48;2;12;18;27m▀[0m
[38;2;18;18;22m[48;2;12;54;40m▀[48;2;1;138;82m▀[38;2;52;19;27m[48;2;10;75;50m▀[38;2;125;22;39m[48;2;17;23;24m▀[38;2;158;23;44m[48;2;51;19;27m▀[38;2;156;23;43m[48;2;121;21;38m▀[38;2;155;23;43m[48;2;136;22;40m▀[38;2;18;18;22m[48;2;18;18;22m▀[38;2;219;181;17m[48;2;215;178;17m▀[38;2;217;180;17m[48;2;213;177;17m▀[38;2;215;178;17m[48;2;211;175;16m▀[38;2;213;177;17m[48;2;209;174;16m▀[38;2;211;175;16m[48;2;207;172;16m▀[38;2;209;174;16m[48;2;205;171;16m▀[38;2;94;80;19m[48;2;92;78;19m▀[38;2;63;20;30m[48;2;82;21;33m▀[38;2;141;24;43m[48;2;177;26;49m▀[38;2;76;21;32m[48;2;176;26;49m▀[38;2;20;20;24m[48;2;149;24;44m▀[38;2;16;45;86m[48;2;74;21;31m▀[38;2;10;76;166m[48;2;20;20;23m▀[38;2;7;86;193m[48;2;16;44;84m▀[48;2;11;67;142m▀[48;2;16;44;83m▀[38;2;10;76;166m[48;2;18;18;20m▀[38;2;16;45;86m[48;2;11;31;59m▀[38;2;18;18;21m[48;2;6;51;113m▀[38;2;11;30;57m[48;2;5;57;128m▀[38;2;7;47;101m[48;2;5;56;125m▀[38;2;11;25;46m[48;2;10;30;59m▀[38;2;8;52;35m[48;2;8;51;35m▀[38;2;0;108;64m[48;2;0;107;63m▀[38;2;0;106;62m[48;2;0;104;61m▀[38;2;0;104;61m[48;2;0;102;60m▀[38;2;0;101;60m[48;2;0;100;59m▀[38;2;0;99;58m[48;2;0;97;57m▀[38;2;0;97;57m[48;2;0;95;56m▀[38;2;14;14;16m[48;2;14;14;16m▀[38;2;5;58;129m[48;2;6;51;113m▀[38;2;5;56;126m[48;2;7;45;98m▀[38;2;5;55;123m[48;2;11;23;41m▀[38;2;7;44;95m[48;2;13;15;20m▀[38;2;11;23;40m[48;2;10;33;66m▀[38;2;14;14;16m[48;2;5;53;118m▀[48;2;11;25;46m▀[0m
[38;2;10;69;48m[48;2;10;68;47m▀[38;2;0;146;86m[48;2;0;144;85m▀[38;2;0;145;86m[48;2;0;143;84m▀[38;2;1;134;80m[48;2;0;142;83m▀[38;2;10;72;49m[48;2;0;140;83m▀[38;2;17;22;24m[48;2;1;129;77m▀[38;2;18;18;22m[48;2;10;66;45m▀[48;2;18;18;21m▀[38;2;196;163;17m[48;2;63;55;20m▀[38;2;209;174;16m[48;2;161;134;17m▀[38;2;207;172;16m[48;2;204;169;16m▀[38;2;206;171;16m[48;2;202;168;16m▀[38;2;204;169;16m[48;2;200;166;16m▀[38;2;202;168;16m[48;2;198;165;15m▀[38;2;91;77;19m[48;2;89;76;19m▀[38;2;81;21;32m[48;2;79;21;32m▀[38;2;174;26;48m[48;2;171;26;48m▀[38;2;173;26;48m[48;2;170;25;47m▀[38;2;171;26;48m[48;2;169;25;47m▀[38;2;170;25;47m[48;2;167;25;46m▀[38;2;144;24;43m[48;2;166;25;46m▀[38;2;65;20;30m[48;2;158;24;45m▀[38;2;17;17;20m[48;2;15;15;18m▀[38;2;11;29;55m[48;2;5;59;131m▀[38;2;6;53;116m[48;2;5;59;133m▀[38;2;5;59;132m[48;2;5;58;130m▀[38;2;5;58;129m[48;2;5;57;127m▀[38;2;5;56;126m[48;2;5;55;124m▀[38;2;5;55;123m[48;2;5;54;121m▀[38;2;10;30;58m[48;2;10;29;57m▀[38;2;8;51;34m[48;2;8;50;34m▀[38;2;0;105;62m[48;2;0;103;61m▀[38;2;0;103;60m[48;2;0;101;59m▀[38;2;0;100;59m[48;2;0;98;58m▀[38;2;0;98;58m[48;2;0;96;56m▀[38;2;0;95;56m[48;2;3;74;46m▀[38;2;1;87;52m[48;2;10;32;25m▀[38;2;14;14;16m[48;2;13;13;16m▀[48;2;10;32;64m▀[38;2;13;15;20m[48;2;5;56;125m▀[38;2;10;34;67m[48;2;5;59;131m▀[38;2;5;55;121m[48;2;5;57;129m▀[38;2;5;57;128m[48;2;5;56;126m▀[38;2;5;56;125m[48;2;5;55;123m▀[38;2;10;30;58m[48;2;10;29;58m▀[0m
[38;2;10;67;46m[48;2;10;67;45m▀[38;2;0;142;83m[48;2;0;139;82m▀[38;2;0;140;83m[48;2;0;138;81m▀[38;2;0;139;82m[48;2;0;137;81m▀[38;2;0;138;81m[48;2;0;136;80m▀[38;2;0;137;81m[48;2;0;134;79m▀[38;2;0;131;77m[48;2;0;133;78m▀[38;2;18;18;21m[48;2;18;18;21m▀[38;2;37;19;24m[48;2;171;26;48m▀[38;2;24;18;22m[48;2;163;25;47m▀[38;2;62;53;19m[48;2;86;21;33m▀[38;2;155;130;17m[48;2;24;18;22m▀[38;2;196;163;15m[48;2;60;52;19m▀[38;2;195;162;15m[48;2;136;114;16m▀[38;2;88;75;18m[48;2;52;46;19m▀[38;2;78;21;31m[48;2;77;20;31m▀[38;2;169;25;47m[48;2;166;25;46m▀[38;2;167;25;46m[48;2;164;24;46m▀[38;2;166;25;46m[48;2;163;24;45m▀[38;2;164;24;46m[48;2;161;24;45m▀[38;2;163;24;45m[48;2;160;24;44m▀[38;2;161;24;45m[48;2;158;24;44m▀[38;2;15;15;18m[48;2;15;15;18m▀[38;2;5;60;133m[48;2;5;59;131m▀[38;2;5;58;131m[48;2;5;57;128m▀[38;2;5;57;128m[48;2;5;56;125m▀[38;2;5;56;125m[48;2;5;55;123m▀[38;2;5;54;122m[48;2;5;53;120m▀[38;2;5;53;119m[48;2;4;52;117m▀[38;2;9;28;56m[48;2;9;28;55m▀[38;2;7;49;34m[48;2;10;30;24m▀[38;2;0;101;60m[48;2;4;72;45m▀[38;2;0;99;58m[48;2;9;33;26m▀[38;2;3;77;47m[48;2;12;14;20m▀[38;2;9;32;25m[48;2;9;32;65m▀[38;2;12;14;20m[48;2;5;53;117m▀[38;2;12;18;29m[48;2;5;53;119m▀[38;2;13;13;16m[48;2;13;13;16m▀[38;2;5;58;130m[48;2;5;59;133m▀[38;2;5;59;132m[48;2;5;58;130m▀[38;2;5;58;129m[48;2;5;57;127m▀[38;2;5;56;126m[48;2;5;55;124m▀[38;2;5;55;123m[48;2;5;54;121m▀[38;2;5;54;121m[48;2;5;53;118m▀[38;2;9;29;57m[48;2;9;28;56m▀[0m
[38;2;10;66;45m[48;2;12;51;37m▀[38;2;0;137;81m[48;2;0;134;79m▀[38;2;0;136;80m[48;2;0;133;78m▀[38;2;0;134;79m[48;2;0;132;78m▀[38;2;0;133;78m[48;2;0;131;77m▀[38;2;0;132;78m[48;2;0;130;76m▀[38;2;0;131;77m[48;2;0;128;76m▀[38;2;18;18;21m[48;2;18;18;21m▀[38;2;174;26;48m[48;2;172;26;48m▀[38;2;173;26;48m[48;2;170;25;47m▀[38;2;172;26;48m[48;2;169;25;47m▀[38;2;158;25;45m[48;2;167;25;46m▀[38;2;84;21;32m[48;2;166;25;46m▀[38;2;23;18;22m[48;2;152;24;44m▀[38;2;18;18;21m[48;2;47;19;25m▀[38;2;70;20;30m[48;2;18;18;21m▀[38;2;163;24;45m[48;2;46;19;25m▀[38;2;161;24;45m[48;2;125;22;39m▀[38;2;160;24;44m[48;2;157;23;44m▀[38;2;158;24;44m[48;2;156;23;43m▀[38;2;157;23;44m[48;2;154;23;43m▀[38;2;156;23;43m[48;2;153;23;42m▀[38;2;15;15;18m[48;2;15;15;18m▀[38;2;5;58;129m[48;2;5;57;127m▀[38;2;5;56;126m[48;2;5;55;124m▀[38;2;5;55;123m[48;2;5;54;121m▀[38;2;5;54;120m[48;2;5;53;118m▀[38;2;5;52;118m[48;2;6;42;92m▀[38;2;4;51;115m[48;2;11;20;35m▀[38;2;9;26;50m[48;2;13;13;16m▀[38;2;13;13;16m[48;2;11;22;39m▀[38;2;12;14;20m[48;2;5;56;124m▀[38;2;9;33;67m[48;2;5;58;131m▀[38;2;5;54;121m[48;2;5;57;128m▀[38;2;5;57;127m[48;2;5;56;125m▀[38;2;5;56;124m[48;2;5;55;122m▀[38;2;5;54;121m[48;2;5;53;119m▀[38;2;13;13;16m[48;2;13;13;16m▀[38;2;5;58;131m[48;2;5;57;128m▀[38;2;5;57;128m[48;2;5;56;126m▀[38;2;5;56;125m[48;2;5;55;123m▀[38;2;5;54;122m[48;2;5;53;120m▀[38;2;5;53;119m[48;2;5;52;117m▀[38;2;4;52;116m[48;2;4;51;114m▀[38;2;9;28;55m[48;2;10;23;43m▀[0m
[38;2;18;18;21m[48;2;37;18;24m▀[38;2;15;36;30m[48;2;106;22;36m▀[38;2;6;90;57m[48;2;43;19;25m▀[38;2;0;130;76m[48;2;15;35;29m▀[38;2;0;128;76m[48;2;6;87;55m▀[38;2;0;127;75m[48;2;0;125;74m▀[38;2;0;126;74m[48;2;0;124;73m▀[38;2;18;18;21m[48;2;18;18;21m▀[38;2;169;25;47m[48;2;166;25;46m▀[38;2;167;25;46m[48;2;164;24;46m▀[38;2;166;25;46m[48;2;163;24;45m▀[38;2;164;24;46m[48;2;161;24;45m▀[38;2;163;24;45m[48;2;160;24;44m▀[38;2;161;24;45m[48;2;159;24;44m▀[38;2;75;20;30m[48;2;74;20;30m▀[38;2;41;41;44m[48;2;94;94;96m▀[38;2;87;87;89m[48;2;209;209;209m▀[38;2;25;25;28m[48;2;192;192;192m▀[38;2;51;19;26m[48;2;100;100;101m▀[38;2;121;21;37m[48;2;25;25;28m▀[38;2;151;23;42m[48;2;49;19;26m▀[38;2;150;22;42m[48;2;59;19;27m▀[38;2;15;15;18m[48;2;15;15;18m▀[38;2;5;56;125m[48;2;10;26;50m▀[38;2;5;54;122m[48;2;11;22;41m▀[38;2;6;43;94m[48;2;18;14;15m▀[38;2;11;22;40m[48;2;77;34;12m▀[38;2;18;14;15m[48;2;145;56;7m▀[38;2;64;29;12m[48;2;153;59;7m▀[38;2;29;18;14m[48;2;68;31;12m▀[38;2;9;31;63m[48;2;9;31;62m▀[38;2;5;59;131m[48;2;5;58;129m▀[38;2;5;57;129m[48;2;5;56;126m▀[38;2;5;56;126m[48;2;5;55;124m▀[38;2;5;55;123m[48;2;5;54;121m▀[38;2;5;54;120m[48;2;5;53;118m▀[38;2;5;52;117m[48;2;4;51;115m▀[38;2;13;13;16m[48;2;13;13;16m▀[38;2;5;56;126m[48;2;5;55;124m▀[38;2;5;55;123m[48;2;5;54;121m▀[38;2;5;54;121m[48;2;7;38;82m▀[38;2;5;53;118m[48;2;11;19;32m▀[38;2;7;37;79m[48;2;10;27;23m▀[38;2;11;19;31m[48;2;5;62;40m▀[38;2;13;13;16m[48;2;11;23;21m▀[0m
[38;2;80;21;32m[48;2;79;21;31m▀[38;2;173;26;48m[48;2;170;25;47m▀[38;2;172;26;48m[48;2;169;25;47m▀[38;2;115;22;38m[48;2;167;25;46m▀[38;2;42;19;25m[48;2;166;25;46m▀[38;2;15;34;29m[48;2;111;22;37m▀[38;2;13;43;33m[48;2;41;19;24m▀[38;2;18;18;21m[48;2;18;18;21m▀[38;2;163;24;45m[48;2;98;21;34m▀[38;2;162;24;45m[48;2;159;24;44m▀[38;2;160;24;44m[48;2;157;23;44m▀[38;2;159;24;44m[48;2;156;23;43m▀[38;2;157;23;44m[48;2;154;23;43m▀[38;2;156;23;43m[48;2;153;23;42m▀[38;2;72;20;30m[48;2;71;20;29m▀[38;2;93;93;95m[48;2;92;92;94m▀[38;2;205;205;205m[48;2;202;202;202m▀[38;2;204;204;204m[48;2;200;200;200m▀[38;2;202;202;202m[48;2;198;198;198m▀[38;2;185;185;186m[48;2;197;197;197m▀[38;2;97;97;98m[48;2;195;195;195m▀[38;2;25;25;28m[48;2;172;172;172m▀[38;2;15;15;18m[48;2;15;15;18m▀[38;2;19;15;15m[48;2;147;57;8m▀[38;2;79;35;12m[48;2;162;62;8m▀[38;2;149;58;8m[48;2;158;61;7m▀[38;2;158;60;7m[48;2;155;59;7m▀[38;2;154;59;7m[48;2;151;58;7m▀[38;2;150;58;7m[48;2;148;57;7m▀[38;2;67;30;12m[48;2;66;30;12m▀[38;2;9;31;61m[48;2;9;30;60m▀[38;2;5;57;127m[48;2;5;56;125m▀[38;2;5;55;124m[48;2;5;55;122m▀[38;2;5;54;121m[48;2;5;53;119m▀[38;2;5;53;119m[48;2;4;52;116m▀[38;2;4;52;116m[48;2;4;51;114m▀[38;2;4;50;113m[48;2;7;33;69m▀[38;2;13;13;16m[48;2;13;13;16m▀[38;2;11;23;41m[48;2;10;28;23m▀[38;2;11;19;32m[48;2;4;72;45m▀[38;2;10;27;23m[48;2;0;104;61m▀[38;2;4;71;44m[48;2;0;102;60m▀[38;2;0;101;60m[48;2;0;100;59m▀[38;2;0;99;58m[48;2;0;97;57m▀[38;2;7;46;32m[48;2;7;46;32m▀[0m
[38;2;78;20;31m[48;2;77;20;31m▀[38;2;167;25;46m[48;2;164;24;46m▀[38;2;166;25;46m[48;2;163;24;45m▀[38;2;164;24;46m[48;2;162;24;45m▀[38;2;163;24;45m[48;2;160;24;44m▀[38;2;162;24;45m[48;2;159;24;44m▀[38;2;143;23;42m[48;2;157;23;44m▀[38;2;18;18;21m[48;2;18;18;21m▀[48;2;130;23;41m▀[38;2;40;18;24m[48;2;116;23;38m▀[38;2;105;21;35m[48;2;42;19;25m▀[38;2;153;23;42m[48;2;39;18;24m▀[38;2;152;23;42m[48;2;102;20;34m▀[38;2;150;22;42m[48;2;147;22;41m▀[38;2;70;19;29m[48;2;64;19;28m▀[38;2;90;90;92m[48;2;89;89;91m▀[38;2;198;198;198m[48;2;195;195;195m▀[38;2;197;197;197m[48;2;193;193;193m▀[38;2;195;195;195m[48;2;192;192;192m▀[38;2;193;193;193m[48;2;190;190;190m▀[38;2;192;192;192m[48;2;188;188;188m▀[38;2;190;190;190m[48;2;187;187;187m▀[38;2;15;15;17m[48;2;15;15;17m▀[38;2;163;62;8m[48;2;160;61;7m▀[38;2;159;61;7m[48;2;157;60;7m▀[38;2;156;60;7m[48;2;153;59;7m▀[38;2;152;58;7m[48;2;150;57;7m▀[38;2;149;57;7m[48;2;146;56;7m▀[38;2;145;55;7m[48;2;142;54;7m▀[38;2;65;29;12m[48;2;64;29;11m▀[38;2;9;30;59m[48;2;10;28;53m▀[38;2;5;55;123m[48;2;5;54;121m▀[38;2;5;54;120m[48;2;7;38;81m▀[38;2;5;52;117m[48;2;11;19;31m▀[38;2;7;37;79m[48;2;11;19;32m▀[38;2;11;19;30m[48;2;7;40;84m▀[38;2;13;13;15m[48;2;7;42;91m▀[48;2;13;13;15m▀[38;2;1;96;57m[48;2;0;105;62m▀[38;2;0;105;62m[48;2;0;103;61m▀[38;2;0;102;60m[48;2;0;101;59m▀[38;2;0;100;59m[48;2;0;98;58m▀[38;2;0;98;58m[48;2;0;96;57m▀[38;2;0;96;56m[48;2;0;94;55m▀[38;2;7;45;31m[48;2;7;44;30m▀[0m
[38;2;76;20;30m[48;2;74;20;30m▀[38;2;162;24;45m[48;2;159;24;44m▀[38;2;160;24;45m[48;2;157;23;44m▀[38;2;159;24;44m[48;2;156;23;43m▀[38;2;157;23;44m[48;2;155;23;43m▀[38;2;156;23;43m[48;2;153;23;43m▀[38;2;155;23;43m[48;2;152;23;42m▀[38;2;18;18;21m[48;2;17;17;21m▀[38;2;171;25;47m[48;2;168;25;47m▀[38;2;169;25;47m[48;2;167;25;46m▀[38;2;168;25;47m[48;2;165;25;46m▀[38;2;113;22;37m[48;2;164;24;46m▀[38;2;41;19;25m[48;2;162;24;45m▀[38;2;28;18;22m[48;2;103;21;35m▀[38;2;18;18;21m[48;2;23;18;21m▀[38;2;88;88;89m[48;2;38;38;41m▀[38;2;192;192;192m[48;2;120;120;121m▀[38;2;190;190;190m[48;2;187;187;187m▀[38;2;188;188;188m[48;2;185;185;185m▀[38;2;187;187;187m[48;2;183;183;183m▀[38;2;185;185;185m[48;2;182;182;182m▀[38;2;183;183;183m[48;2;180;180;180m▀[38;2;15;15;17m[48;2;14;14;17m▀[38;2;157;60;7m[48;2;155;59;7m▀[38;2;154;59;7m[48;2;151;58;7m▀[38;2;150;57;7m[48;2;148;56;7m▀[38;2;147;56;7m[48;2;144;55;7m▀[38;2;143;55;7m[48;2;141;54;7m▀[38;2;140;53;6m[48;2;88;37;9m▀[38;2;63;29;11m[48;2;27;17;13m▀[38;2;13;13;15m[48;2;12;14;19m▀[38;2;12;16;23m[48;2;8;40;84m▀[38;2;11;20;33m[48;2;5;57;128m▀[38;2;7;41;86m[48;2;5;56;125m▀[38;2;5;56;125m[48;2;5;55;123m▀[38;2;5;54;122m[48;2;5;53;120m▀[38;2;5;53;119m[48;2;5;52;117m▀[38;2;13;13;15m[48;2;13;13;15m▀[38;2;0;104;61m[48;2;0;102;60m▀[38;2;0;101;60m[48;2;0;100;59m▀[38;2;0;99;58m[48;2;0;97;57m▀[38;2;0;97;57m[48;2;0;95;56m▀[38;2;0;94;56m[48;2;0;93;55m▀[38;2;0;92;54m[48;2;0;90;53m▀[38;2;7;44;30m[48;2;7;43;30m▀[0m
[38;2;25;17;22m▀[38;2;95;20;33m▀[38;2;149;22;42m[48;2;34;17;23m▀[38;2;153;23;43m[48;2;92;20;32m▀[38;2;152;23;42m[48;2;144;22;41m▀[38;2;150;22;42m[48;2;148;22;41m▀[38;2;149;22;41m[48;2;146;22;41m▀[38;2;17;17;21m[48;2;17;17;21m▀[38;2;165;25;46m[48;2;162;24;45m▀[38;2;164;24;46m[48;2;161;24;45m▀[38;2;162;24;45m[48;2;160;24;44m▀[38;2;161;24;45m[48;2;158;24;44m▀[38;2;160;24;44m[48;2;157;23;44m▀[38;2;158;24;44m[48;2;155;23;43m▀[38;2;73;19;30m[48;2;72;19;29m▀[38;2;17;17;21m[48;2;89;41;17m▀[38;2;25;19;20m[48;2;217;83;10m▀[38;2;43;43;47m[48;2;143;59;13m▀[38;2;122;122;124m[48;2;48;27;19m▀[38;2;180;180;180m[48;2;42;42;46m▀[38;2;178;178;178m[48;2;118;118;120m▀[38;2;177;177;177m[48;2;130;130;131m▀[38;2;14;14;17m[48;2;14;14;17m▀[38;2;152;58;7m[48;2;111;45;9m▀[38;2;149;57;7m[48;2;98;40;9m▀[38;2;145;55;7m[48;2;34;19;13m▀[38;2;96;39;9m[48;2;34;34;36m▀[38;2;33;19;13m[48;2;97;97;97m▀[38;2;18;18;20m[48;2;141;141;141m▀[38;2;13;13;15m[48;2;58;58;59m▀[38;2;9;31;61m[48;2;9;30;60m▀[38;2;5;57;129m[48;2;5;57;127m▀[38;2;5;56;126m[48;2;5;55;124m▀[38;2;5;55;123m[48;2;5;54;121m▀[38;2;5;54;120m[48;2;5;53;118m▀[38;2;5;52;118m[48;2;4;52;115m▀[38;2;4;51;115m[48;2;4;50;113m▀[38;2;13;13;15m[48;2;13;13;15m▀[38;2;0;100;59m[48;2;0;98;58m▀[38;2;0;98;58m[48;2;0;96;57m▀[38;2;0;96;56m[48;2;0;91;54m▀[38;2;0;93;55m[48;2;5;57;37m▀[38;2;0;88;52m[48;2;11;22;19m▀[0m[38;2;5;55;36m▀[38;2;12;17;17m▀[0m
    [38;2;33;17;23m▀[38;2;89;19;31m▀[38;2;98;20;33m[48;2;17;17;20m▀[38;2;17;17;20m▀[38;2;160;24;44m[48;2;140;22;41m▀[38;2;158;24;44m[48;2;155;23;43m▀[38;2;157;23;44m[48;2;154;23;43m▀[38;2;155;23;43m[48;2;153;23;42m▀[38;2;154;23;43m[48;2;151;23;42m▀[38;2;153;23;42m[48;2;150;22;42m▀[38;2;71;19;29m[48;2;69;19;28m▀[38;2;96;43;16m[48;2;94;42;16m▀[38;2;214;82;10m[48;2;210;80;10m▀[38;2;212;81;10m[48;2;208;80;10m▀[38;2;210;80;10m[48;2;206;79;10m▀[38;2;139;57;13m[48;2;205;78;10m▀[38;2;47;26;19m[48;2;203;78;9m▀[38;2;17;17;20m[48;2;112;48;14m▀[38;2;14;14;17m[48;2;14;14;17m▀[38;2;13;13;15m[48;2;85;85;86m▀[38;2;35;35;36m[48;2;149;149;149m▀[38;2;99;99;100m[48;2;146;146;146m▀[38;2;145;145;145m[48;2;143;143;143m▀[38;2;142;142;142m[48;2;139;139;139m▀[38;2;139;139;139m[48;2;136;136;136m▀[38;2;62;62;63m[48;2;61;61;62m▀[38;2;9;30;59m[48;2;9;30;58m▀[38;2;5;56;124m[48;2;5;55;122m▀[38;2;5;54;122m[48;2;5;53;120m▀[38;2;5;53;119m[48;2;5;52;117m▀[38;2;4;52;116m[48;2;4;51;114m▀[38;2;4;51;113m[48;2;4;50;111m▀[38;2;4;49;111m[48;2;5;44;97m▀[38;2;13;13;15m[48;2;13;13;15m▀[38;2;4;66;42m▀[0m[38;2;5;59;38m▀[38;2;11;23;20m▀[0m    [0m
        [38;2;25;17;21m▀[38;2;93;20;32m▀[38;2;146;22;41m[48;2;33;17;22m▀[38;2;150;22;42m[48;2;90;19;32m▀[38;2;149;22;41m[48;2;141;21;40m▀[38;2;147;22;41m[48;2;144;21;40m▀[38;2;68;19;28m[48;2;67;18;28m▀[38;2;93;42;16m[48;2;92;41;16m▀[38;2;206;79;10m[48;2;203;78;9m▀[38;2;205;78;10m[48;2;201;77;9m▀[38;2;203;78;9m[48;2;199;76;9m▀[38;2;201;77;9m[48;2;198;76;9m▀[38;2;199;76;9m[48;2;196;75;9m▀[38;2;198;76;9m[48;2;194;74;9m▀[38;2;14;14;17m[48;2;14;14;17m▀[38;2;150;150;150m[48;2;147;147;147m▀[38;2;147;147;147m[48;2;144;144;144m▀[38;2;143;143;143m[48;2;141;141;141m▀[38;2;140;140;140m[48;2;138;138;138m▀[38;2;137;137;137m[48;2;135;135;135m▀[38;2;134;134;134m[48;2;131;131;131m▀[38;2;60;60;61m[48;2;59;59;60m▀[38;2;9;29;58m[48;2;9;29;57m▀[38;2;5;54;120m[48;2;5;53;118m▀[38;2;5;52;117m[48;2;5;50;111m▀[38;2;4;51;115m[48;2;7;34;70m▀[38;2;4;49;108m[48;2;11;17;27m▀[0m[38;2;7;33;68m▀[38;2;12;15;20m▀[0m        [0m
            [38;2;32;17;22m▀[38;2;77;19;29m▀[38;2;32;17;22m[48;2;17;17;20m▀[38;2;90;41;15m[48;2;67;33;16m▀[38;2;199;76;9m[48;2;182;70;9m▀[38;2;198;76;9m[48;2;194;74;9m▀[38;2;196;75;9m[48;2;192;74;9m▀[38;2;194;74;9m[48;2;191;73;9m▀[38;2;192;74;9m[48;2;189;72;9m▀[38;2;191;73;9m[48;2;187;72;9m▀[38;2;14;14;17m[48;2;14;14;17m▀[38;2;145;145;145m[48;2;143;143;143m▀[38;2;142;142;142m[48;2;139;139;139m▀[38;2;139;139;139m[48;2;136;136;136m▀[38;2;135;135;135m[48;2;133;133;133m▀[38;2;132;132;132m[48;2;130;130;130m▀[38;2;129;129;129m[48;2;118;118;118m▀[38;2;58;58;59m[48;2;44;44;45m▀[38;2;12;17;27m[48;2;13;13;15m▀[0m[38;2;9;31;63m▀[38;2;11;17;27m▀[0m            [0m
                [38;2;39;24;18m▀[38;2;114;48;13m▀[38;2;182;70;9m[48;2;38;23;18m▀[38;2;187;72;9m[48;2;110;47;13m▀[38;2;186;71;9m[48;2;175;68;9m▀[38;2;184;70;9m[48;2;174;67;9m▀[38;2;14;14;17m[48;2;14;14;17m▀[38;2;140;140;140m[48;2;133;133;133m▀[38;2;137;137;137m[48;2;130;130;130m▀[38;2;134;134;134m[48;2;79;79;80m▀[38;2;126;126;126m[48;2;27;27;29m▀[0m[38;2;77;77;78m▀[38;2;27;27;28m▀[0m                [0m
                    [38;2;37;23;18m▀[38;2;42;25;18m▀[38;2;14;14;17m[48;2;13;13;16m▀[0m[38;2;32;32;34m▀[38;2;28;28;29m▀[0m                    [0m
